0
9
12
19
21
24
43
66
72
74
79
88
91
99
102
104
114
120
126
128
130
149
154
159
166
178
179
182
186
189
194
198
202
209
217
220
221
242
243
253
255
259
289
298
302
304
308
313
323
329
330
339
351
352
353
372
383
386
390
403
406
407
413
429
430
442
451
453
456
458
467
489
492
500
502
503
508
509
513
514
540
542
549
552
567
571
587
589
594
595
612
613
614
627
634
636
637
638
664
681
688
700
705
706
707
711
716
718
719
721
727
750
755
759
788
800
802
805
810
811
813
816
821
829
832
834
840
847
851
854
867
868
883
885
890
907
910
914
916
928
939
