24
25
26
27
28
29
30
31
136
137
138
139
140
141
142
143
152
153
154
155
156
157
158
159
248
249
250
251
252
253
254
255
296
297
298
299
300
301
302
303
344
345
346
347
348
349
350
351
384
385
386
387
388
389
390
391
440
441
442
443
444
445
446
447
488
489
490
491
492
493
494
495
528
529
530
531
532
533
534
535
600
601
602
603
604
605
606
607
672
673
674
675
676
677
678
679
800
801
802
803
804
805
806
807
824
825
826
827
828
829
830
831
832
833
834
835
836
837
838
839
872
873
874
875
876
877
878
879
896
897
898
899
900
901
902
903
928
929
930
931
932
933
934
935
